#!/usr/bin/env python
import rospy
import time
import aria as c

if __name__ == '__main__':
    rospy.init_node('aria_motion')
    c.set_interpolation('sigmoid')
    c.set_positions([0.0,0.0,0.0,0.0,0.0,0.0,0.0,0.0,0.0,0.0,0.0,0.0,0.0,0.0,0.0,0.0,0.0,0.0,-3.14,0.0,0.0,0.0,0.0,0.0,0.0,0.0,0.0,0.0,0.0,1.0])
    time.sleep(1.0)
    c.set_positions([0.0,0.12566371262073517,0.0,0.04188790172338486,0.0,-0.0,1.3404128551483154,0.0,-0.5026548504829407,-0.33510321378707886,-0.04188790172338486,0.08377580344676971,-0.12566371262073517,1.3823007345199585,-0.08377580344676971,1.3404128551483154,-0.20943951606750488,0.0,-1.8,0.0,0.16755160689353943,0.0,0.0,0.0,0.0,0.0,0.0,0.0,0.0,1.0])
    c.eye([0.8,0.2,1.0])
    time.sleep(1.0)
