:name
RIC Torso type L HIP1
RIC Torso type L HIP2
RIC Torso type L HIP3
RIC Torso type L BODY
RIC Torso type L ARM R JOINT1
RIC Torso type L ARM R JOINT2
RIC Torso type L ARM R JOINT3
RIC Torso type L ARM R JOINT4
RIC Torso type L ARM R JOINT5
RIC Torso type L ARM R JOINT6
RIC Torso type L ARM R JOINT7
RIC Torso type L ARM R HAND1
RIC Torso type L ARM L JOINT1
RIC Torso type L ARM L JOINT2
RIC Torso type L ARM L JOINT3
RIC Torso type L ARM L JOINT4
RIC Torso type L ARM L JOINT5
RIC Torso type L ARM L JOINT6
RIC Torso type L ARM L JOINT7
RIC Torso type L ARM L HAND1
RIC Torso type L NECK1
RIC Torso type L NECK2
RIC Torso type L NECK3
:id
1
2
3
4
5
6
7
8
9
10
11
12
13
14
15
16
17
18
19
20
21
22
23
:parent
0
1
2
3
4
5
6
7
8
9
10
11
4
13
14
15
16
17
18
19
4
21
22
:px
0
0
0
0
0
0
0
0
0
0
0
0
0
0
0
0
0
0
0
0
0
0
0
:py
0
0
0
0
-90
-128
-155
-155
-155
-155
-155
-167.5
90
128
155
155
155
155
155
167.5
0
0
0
:pz
0
98
158.5
158.5
425.1
425.1
425.1
326.6
184.1
90.1
-39.9
-101.1
425.1
425.1
425.1
326.6
184.1
90.1
-39.9
-101.1
453
492
530
:bx
0
0
0
0
0
0
0
0
0
0
0
0
0
0
0
0
0
0
0
0
0
0
0
:by
0
0
0
0
-90
-38
-27
0
0
0
0
-12.5
90
218
27
0
0
0
0
12.5
0
0
0
:bz
0
98
60.5
0
266.6
0
0
-118.5
-142.5
-114
-130
-61.2
266.6
0
0
-118.5
-142.5
-114
-130
-61.2
294.5
39
38
:rx
0
0
0
90
0
90
0
0
-90
0
-90
0
0
-90
0
0
-90
0
-90
0
0
0
90
:ry
0
0
90
0
0
0
90
0
0
0
0
-90
0
0
90
0
0
0
0
-90
0
-90
0
:rz
0
0
0
0
0
0
0
0
0
90
90
0
0
0
0
0
0
90
90
0
0
0
0
:m
809.492
107.844
693.51
2396.179
506.992
326.147
343.445
441.611
340.578
419.769
121.274
0
506.992
326.147
343.445
441.611
340.578
419.769
121.274
0
34.575
619.633
34.575
:cx
2.286
0
0.08
-11.859
-0.085
-0.074
74.791
4.121
-0.07
-0.06
-0.224
0
-0.047
0.074
74.791
4.127
0.07
0.06
-0.224
0
0
18.974
0
:cy
-0.029
13.13
0.069
178.978
-4.343
-0.073
-5.767
-0.099
70.74
-0.132
49.77
0
-0.715
0.073
5.767
0.099
70.74
0.132
49.77
0
0
-0.077
26.572
:cz
53.311
13.126
-0.069
0.446
-0.621
30.927
-0.069
-114.582
-5.251
-114.441
-0.765
0
-4.352
30.927
0.069
-114.474
5.251
-114.441
0.765
0
12.428
-0.077
0
:Ixx
1613650.601
121753.061
550592.51
22379330.959
509954.887
156049.005
184002.7
1231492.303
274646.597
904229.093
92702.793
0
511167.09
156049.005
184002.7
1228825.439
274646.597
904229.093
92702.785
0
9065.955
408610.351
43629.757
:Ixy
-292.838
0
-16.825
-1521492.599
485.357
377.158
3835.895
-442.277
180656.716
378.715
310.277
0
58.764
377.158
-3835.895
442.52
-500.767
378.715
310.283
0
0
-19.512
0
:Iyy
1541895.856
201572.678
794214.139
12324337.091
510006.869
190860.317
323705.469
1162425.454
180656.716
888145.874
64300.429
0
347120.674
190860.317
323705.469
1159738.211
180656.716
888145.874
64300.429
0
43629.757
668468.231
39327.287
:Ixz
11355.405
0
-24.472
34851.431
-182.109
-357.193
511.482
50057.857
363.517
7.031
-665.407
0
342.074
357.193
-511.482
50451.84
363.517
-7.032
665.407
0
0
21.982
0
:Iyz
-549.664
0
-754.106
84325.36
-28464.267
-331.941
375.804
1911.958
9279.137
2218.296
1060.948
0
-27608.737
331.941
375.804
-1156.455
-9279.137
-2218.295
-1060.941
0
0
754.5
0
:Izz
1672634.488
249133.4
792691.871
18962775.299
347157.462
220834.677
251918.708
214290.015
278070.003
250395.928
53598.233
0
511320.973
220834.677
251918.708
214269.636
278070.003
250395.928
53598.225
0
39327.287
669906.404
9065.955
